[[194.4    0.     7.     5.74   1.3    0.  ]
 [185.86   0.     7.     4.69   1.8   -5.48]
 [175.17   0.     7.     5.24   1.6   -0.58]
 [164.93   0.     7.     5.67   1.3   -0.8 ]
 [155.76   0.     7.     5.19   1.6   -4.11]
 [145.97   0.     7.     5.16   1.6   -1.86]
 [137.21   0.     7.     5.67   1.3   -2.2 ]
 [125.54   0.     7.     5.63   1.3   -0.34]
 [115.21   0.     7.     4.04   1.8   -1.33]
 [106.27   0.     7.     6.05   1.3   -0.86]
 [ 96.62   0.     7.     4.5    1.8   -2.94]
 [ 88.52   0.     7.     5.77   1.3   -2.2 ]
 [ 78.95   0.     7.     5.29   1.6   -3.3 ]
 [ 69.96   0.     7.     5.64   1.3   -2.05]
 [ 60.22   0.     7.     4.43   1.8   -2.05]
 [ 51.29   0.     7.     5.08   1.6   -2.  ]
 [ 41.11   0.     7.     5.23   1.6   -1.28]
 [ 32.48   0.     7.     5.88   1.3   -2.56]
 [  5.6    1.     7.     4.67   1.8    0.  ]
 [ 13.67   1.     7.     4.8    1.6   -4.43]
 [ 22.67   1.     7.     6.23   1.3   -1.43]
 [ 31.4    1.     7.     5.24   1.6   -9.25]
 [ 42.04   1.     7.     4.87   1.6   -1.01]
 [ 49.81   1.     7.     5.94   1.3   -3.78]
 [ 60.25   1.     7.     5.57   1.3   -1.15]
 [ 70.62   1.     7.     5.87   1.3   -0.93]
 [ 79.29   1.     7.     4.06   1.8   -5.48]
 [ 87.85   1.     7.     4.76   1.6   -2.  ]
 [ 97.91   1.     7.     4.73   1.8   -0.84]
 [107.04   1.     7.     5.14   1.6   -2.15]
 [115.58   1.     7.     6.11   1.3   -2.56]
 [126.49   1.     7.     6.43   1.3   -0.93]
 [136.02   1.     7.     4.74   1.8   -4.29]
 [145.86   1.     7.     5.83   1.3   -0.74]
 [155.09   1.     7.     4.25   1.8   -3.41]
 [165.34   1.     7.     5.91   1.3   -0.34]]
