[[ 194.7     0.      8.      5.25    1.8     0.  ]
 [ 186.35    0.      8.      4.18    2.    -58.62]
 [ 179.47    0.      8.      4.84    1.8   -91.1 ]
 [ 169.63    0.      8.      4.33    2.    -20.95]
 [ 159.6     0.      8.      5.1     1.8   -18.12]
 [ 148.7     0.      8.      5.11    1.8   -17.39]
 [   3.5     1.      8.      5.09    1.8     0.  ]
 [  13.59    1.      8.      5.95    1.5   -13.97]
 [  22.24    1.      8.      5.16    1.8   -91.1 ]
 [  30.2     1.      8.      4.91    1.8   -84.5 ]
 [  37.81    1.      8.      6.41    1.5   -52.06]
 [  46.52    1.      8.      5.32    1.8  -126.68]]
