[[ 194.7     0.      8.      4.76    1.8  -168.5 ]
 [ 185.84    0.      8.      4.66    2.    -32.41]
 [ 175.48    0.      8.      5.12    1.8   -18.12]
 [ 167.26    0.      8.      5.16    1.8   -68.39]
 [ 157.2     0.      8.      4.85    1.8   -25.57]
 [ 149.25    0.      8.      5.02    1.8   -68.39]
 [ 140.63    0.      8.      4.18    2.    -42.8 ]
 [ 131.15    0.      8.      5.89    1.5   -12.24]
 [ 119.76    0.      8.      5.9     1.5   -11.25]
 [ 109.56    0.      8.      4.47    2.    -29.23]
 [   4.5     1.      8.      4.09    2.   -144.43]
 [  13.89    1.      8.      5.1     1.8    -0.78]
 [  24.59    1.      8.      4.67    2.      0.21]
 [  33.56    1.      8.      5.72    1.5    -0.39]
 [  43.78    1.      8.      5.02    1.8     0.3 ]
 [  52.      1.      8.      4.1     2.     -0.78]
 [  61.8     1.      8.      5.23    1.8    -0.55]
 [  72.43    1.      8.      4.92    1.8     0.27]
 [  80.65    1.      8.      5.16    1.8    -0.98]
 [  89.41    1.      8.      4.73    2.     -0.46]]
