[[194.1    0.     7.     4.42   1.8    0.  ]
 [185.28   0.     7.     4.82   1.6   -2.15]
 [176.66   0.     7.     4.83   1.6   -3.3 ]
 [168.23   0.     7.     4.87   1.6   -3.82]
 [160.46   0.     7.     5.48   1.3   -3.78]
 [151.88   0.     7.     4.79   1.6   -5.58]
 [144.59   0.     7.     5.46   1.3   -5.33]
 [134.63   0.     7.     6.16   1.3   -1.15]
 [125.47   0.     7.     4.27   1.8   -4.65]
 [116.2    0.     7.     4.13   1.8   -1.06]
 [109.27   0.     7.     4.88   1.6   -7.12]
 [ 99.29   0.     7.     4.66   1.8   -0.99]
 [ 89.53   0.     7.     6.17   1.3   -0.74]
 [ 78.56   0.     7.     4.52   1.8   -1.24]
 [ 68.14   0.     7.     4.91   1.6   -0.64]
 [ 59.03   0.     7.     5.77   1.3   -1.43]
 [ 49.26   0.     7.     6.05   1.3   -1.65]
 [ 39.21   0.     7.     4.81   1.6   -2.86]
 [ 30.9    0.     7.     5.01   1.6   -4.11]
 [  4.7    1.     7.     5.72   1.3    0.  ]
 [ 16.12   1.     7.     4.76   1.6   -0.78]
 [ 26.18   1.     7.     4.39   1.8   -0.84]
 [ 36.07   1.     7.     4.16   1.8   -0.71]
 [ 43.93   1.     7.     5.01   1.6   -3.55]
 [ 52.44   1.     7.     4.41   1.8   -3.16]
 [ 59.45   1.     7.     5.06   1.6   -8.46]
 [ 67.91   1.     7.     5.86   1.3   -2.56]
 [ 77.87   1.     7.     6.2    1.3   -1.53]
 [ 89.97   1.     7.     4.16   1.8   -0.5 ]
 [ 97.33   1.     7.     4.47   1.8   -3.97]
 [104.6    1.     7.     4.78   1.6   -7.12]
 [113.88   1.     7.     4.44   1.8   -1.54]
 [123.92   1.     7.     6.06   1.3   -0.49]
 [135.08   1.     7.     4.13   1.8   -0.99]
 [144.51   1.     7.     4.99   1.6   -1.09]
 [154.1    1.     7.     5.82   1.3   -1.07]
 [164.22   1.     7.     5.65   1.3   -1.33]
 [174.37   1.     7.     4.3    1.8   -1.54]]
