[[195.3    0.     7.     6.04   1.3    0.  ]
 [186.26   0.     7.     6.07   1.3   -3.49]
 [176.39   0.     7.     5.18   1.6   -3.3 ]
 [167.21   0.     7.     4.9    1.6   -2.86]
 [159.81   0.     7.     5.27   1.6   -9.25]
 [151.94   0.     7.     4.49   1.8   -6.5 ]
 [142.35   0.     7.     5.26   1.6   -1.28]
 [132.29   0.     7.     6.42   1.3   -0.93]
 [  6.     1.     7.     6.43   1.3    0.  ]
 [ 18.03   1.     7.     6.05   1.3   -0.49]
 [ 27.68   1.     7.     6.03   1.3   -2.2 ]
 [ 39.31   1.     7.     4.82   1.6   -0.85]
 [ 49.03   1.     7.     4.77   1.6   -1.49]
 [ 56.9    1.     7.     4.83   1.6   -5.58]
 [ 65.63   1.     7.     5.53   1.3   -1.77]]
