[[196.6    0.     8.     5.02   1.8    0.  ]
 [187.78   0.     8.     5.15   1.8  -44.51]
 [179.13   0.     8.     4.98   1.8  -53.  ]
 [169.85   0.     8.     4.62   2.   -29.23]
 [161.23   0.     8.     5.01   1.8  -39.88]
 [152.82   0.     8.     5.17   1.8  -56.34]
 [144.25   0.     8.     4.78   1.8  -56.34]
 [135.97   0.     8.     4.16   2.   -45.43]
 [128.11   0.     8.     6.31   1.5  -26.92]
 [116.9    0.     8.     5.48   1.5  -14.61]
 [108.12   0.     8.     4.75   1.8  -60.  ]
 [  4.3    1.     8.     5.21   1.8    0.  ]
 [ 12.51   1.     8.     5.62   1.5   -0.46]
 [ 21.93   1.     8.     4.44   2.    -0.03]
 [ 31.07   1.     8.     5.22   1.8   -0.72]
 [ 40.39   1.     8.     5.28   1.8   -0.25]
 [ 49.17   1.     8.     5.98   1.5   -0.27]
 [ 58.75   1.     8.     5.24   1.8    0.16]
 [ 68.29   1.     8.     4.52   2.    -0.12]
 [ 77.81   1.     8.     4.67   2.    -0.41]
 [ 85.58   1.     8.     5.28   1.8   -1.43]]
