[[195.9    0.     8.     5.71   1.5    0.  ]
 [187.19   0.     8.     5.98   1.5  -41.84]
 [176.41   0.     8.     5.54   1.5  -15.3 ]
 [165.87   0.     8.     6.19   1.5  -13.97]
 [156.28   0.     8.     4.88   1.8  -56.34]
 [147.1    0.     8.     4.22   2.   -29.23]
 [139.48   0.     8.     4.58   2.   -48.3 ]
 [131.4    0.     8.     5.23   1.8  -53.  ]
 [121.87   0.     8.     5.21   1.8  -34.1 ]
 [112.76   0.     8.     4.5    2.   -36.09]
 [  4.8    1.     8.     4.93   1.8    0.  ]
 [ 13.23   1.     8.     5.12   1.8   -0.85]
 [ 23.35   1.     8.     5.16   1.8    0.04]
 [ 32.21   1.     8.     5.06   1.8   -0.49]
 [ 41.87   1.     8.     6.2    1.5   -0.1 ]
 [ 51.27   1.     8.     4.95   1.8    0.18]
 [ 60.42   1.     8.     4.9    1.8   -0.45]
 [ 70.22   1.     8.     5.25   1.8   -0.18]
 [ 80.27   1.     8.     5.02   1.8    0.07]
 [ 89.19   1.     8.     4.77   1.8   -0.53]]
