[[197.5    0.     8.     4.69   2.     0.  ]
 [189.51   0.     8.     4.98   1.8  -60.  ]
 [180.23   0.     8.     5.17   1.8  -34.1 ]
 [171.56   0.     8.     5.03   1.8  -53.  ]
 [162.13   0.     8.     5.17   1.8  -32.44]
 [152.76   0.     8.     4.62   2.   -30.76]
 [  3.2    1.     8.     4.43   2.     0.  ]
 [ 11.43   1.     8.     4.41   2.   -38.15]
 [ 19.54   1.     8.     4.56   2.   -40.38]
 [ 27.4    1.     8.     4.81   1.8  -60.  ]
 [ 36.01   1.     8.     5.83   1.5  -25.43]
 [ 46.74   1.     8.     5.49   1.5  -14.61]]
