[[196.9    0.     8.     4.76   1.8    0.  ]
 [188.44   0.     8.     4.34   2.   -40.38]
 [179.3    0.     8.     6.38   1.5  -15.3 ]
 [169.02   0.     8.     5.49   1.5  -24.06]
 [158.63   0.     8.     4.33   2.   -21.92]
 [150.7    0.     8.     5.52   1.5  -28.53]
 [142.08   0.     8.     5.23   1.8  -68.39]
 [133.65   0.     8.     5.8    1.5  -36.57]
 [123.15   0.     8.     5.1    1.8  -28.06]
 [114.55   0.     8.     4.78   1.8  -53.  ]
 [  4.3    1.     8.     5.76   1.5    0.  ]
 [ 13.86   1.     8.     5.1    1.8    0.08]
 [ 22.36   1.     8.     5.27   1.8   -0.71]
 [ 32.13   1.     8.     5.02   1.8   -0.03]
 [ 40.85   1.     8.     5.32   1.8   -0.64]
 [ 50.87   1.     8.     4.34   2.     0.07]
 [ 59.31   1.     8.     4.97   1.8   -1.2 ]
 [ 68.08   1.     8.     6.01   1.5   -0.36]
 [ 78.99   1.     8.     4.91   1.8    0.6 ]
 [ 87.9    1.     8.     4.21   2.    -0.51]]
