[[195.6    0.     7.     4.92   1.6    0.  ]
 [186.48   0.     7.     5.13   1.6   -2.48]
 [176.55   0.     7.     4.21   1.8   -1.24]
 [167.74   0.     7.     5.29   1.6   -1.86]
 [159.95   0.     7.     6.01   1.3   -5.33]
 [151.34   0.     7.     4.89   1.6   -8.46]
 [141.35   0.     7.     6.03   1.3   -0.74]
 [130.72   0.     7.     4.28   1.8   -1.43]
 [122.64   0.     7.     4.54   1.8   -2.54]
 [114.3    0.     7.     4.09   1.8   -2.54]
 [107.51   0.     7.     5.22   1.6   -7.75]
 [ 99.59   0.     7.     5.3    1.6   -7.75]
 [ 91.39   0.     7.     4.25   1.8   -5.04]
 [ 83.14   0.     7.     4.47   1.8   -2.2 ]
 [ 72.67   0.     7.     5.29   1.6   -0.58]
 [ 62.28   0.     7.     4.03   1.8   -0.99]
 [ 54.75   0.     7.     4.64   1.8   -3.16]
 [ 45.41   0.     7.     4.42   1.8   -1.33]
 [ 38.49   0.     7.     4.84   1.6   -9.25]
 [ 29.15   0.     7.     4.94   1.6   -2.  ]
 [  3.4    1.     7.     5.66   1.3    0.  ]
 [ 13.86   1.     7.     5.92   1.3   -0.93]
 [ 23.08   1.     7.     4.72   1.8   -3.68]
 [ 31.7    1.     7.     4.92   1.6   -3.07]
 [ 40.12   1.     7.     5.74   1.3   -2.37]
 [ 50.46   1.     7.     5.47   1.3   -1.07]
 [ 61.23   1.     7.     4.78   1.6   -1.09]
 [ 70.81   1.     7.     5.01   1.6   -1.61]
 [ 78.92   1.     7.     6.32   1.3   -3.22]
 [ 90.94   1.     7.     6.23   1.3   -0.45]
 [101.97   1.     7.     5.67   1.3   -0.93]
 [110.24   1.     7.     4.07   1.8   -6.5 ]
 [118.71   1.     7.     4.05   1.8   -1.65]
 [125.56   1.     7.     5.79   1.3   -4.11]
 [135.25   1.     7.     5.53   1.3   -1.77]
 [145.68   1.     7.     5.5    1.3   -0.86]
 [155.98   1.     7.     4.65   1.8   -1.24]
 [163.83   1.     7.     5.75   1.3   -2.98]
 [174.28   1.     7.     4.91   1.6   -1.73]]
