[[195.     0.     7.     5.14   1.6    0.  ]
 [186.76   0.     7.     5.21   1.6   -5.58]
 [176.05   0.     7.     5.47   1.3   -0.54]
 [167.18   0.     7.     4.26   1.8   -3.41]
 [159.22   0.     7.     4.77   1.6   -3.55]
 [149.05   0.     7.     4.12   1.8   -0.78]
 [140.13   0.     7.     4.97   1.6   -1.61]
 [130.36   0.     7.     5.75   1.3   -0.93]
 [120.31   0.     7.     5.6    1.3   -1.33]
 [111.11   0.     7.     6.41   1.3   -2.2 ]
 [ 98.8    0.     7.     5.08   1.6   -0.64]
 [ 89.42   0.     7.     5.96   1.3   -1.33]
 [ 78.16   0.     7.     5.17   1.6   -1.09]
 [ 68.39   0.     7.     4.26   1.8   -1.43]
 [ 60.73   0.     7.     5.07   1.6   -4.43]
 [ 50.66   0.     7.     4.85   1.6   -1.38]
 [ 40.11   0.     7.     6.13   1.3   -0.45]
 [ 30.68   0.     7.     4.87   1.6   -4.78]
 [  2.9    1.     7.     5.32   1.6    0.  ]
 [ 12.62   1.     7.     4.57   1.8   -1.65]
 [ 21.39   1.     7.     5.92   1.3   -1.43]
 [ 30.11   1.     7.     5.2    1.6   -7.12]
 [ 38.41   1.     7.     4.48   1.8   -4.29]
 [ 45.69   1.     7.     4.77   1.6   -7.12]
 [ 55.96   1.     7.     4.43   1.8   -0.71]
 [ 66.09   1.     7.     5.52   1.3   -0.45]
 [ 75.41   1.     7.     5.92   1.3   -1.9 ]
 [ 87.03   1.     7.     6.39   1.3   -0.45]
 [ 97.12   1.     7.     5.73   1.3   -2.05]
 [106.35   1.     7.     5.56   1.3   -2.37]
 [116.71   1.     7.     5.72   1.3   -0.93]
 [128.43   1.     7.     4.9    1.6   -0.58]
 [137.73   1.     7.     6.09   1.3   -1.24]
 [147.02   1.     7.     4.56   1.8   -3.97]
 [156.88   1.     7.     6.21   1.3   -0.63]
 [168.69   1.     7.     4.87   1.6   -0.85]]
