[[196.1    0.     8.     5.08   1.8    0.  ]
 [187.92   0.     8.     4.28   2.   -58.62]
 [179.94   0.     8.     5.22   1.8  -47.11]
 [169.92   0.     8.     4.54   2.   -22.95]
 [161.48   0.     8.     4.63   2.   -36.09]
 [153.45   0.     8.     5.85   1.5  -32.2 ]
 [144.3    0.     8.     5.15   1.8  -60.  ]
 [135.65   0.     8.     4.85   1.8  -53.  ]
 [126.9    0.     8.     5.84   1.5  -24.06]
 [116.96   0.     8.     5.13   1.8  -37.81]
 [108.53   0.     8.     4.05   2.   -51.42]
 [  4.9    1.     8.     4.8    1.8    0.  ]
 [ 13.5    1.     8.     4.82   1.8   -0.82]
 [ 21.52   1.     8.     4.02   2.    -1.  ]
 [ 29.74   1.     8.     4.73   2.    -1.36]
 [ 39.07   1.     8.     4.92   1.8   -0.47]
 [ 47.49   1.     8.     4.32   2.    -0.73]
 [ 56.71   1.     8.     4.98   1.8   -0.74]
 [ 65.99   1.     8.     4.97   1.8   -0.38]
 [ 74.26   1.     8.     4.58   2.    -0.78]
 [ 81.94   1.     8.     4.05   2.    -1.34]
 [ 90.19   1.     8.     4.92   1.8   -1.54]]
