[[ 196.3     0.      8.      5.16    1.8  -168.5 ]
 [ 187.64    0.      8.      4.68    2.    -45.43]
 [ 178.86    0.      8.      6.06    1.5   -21.61]
 [ 167.7     0.      8.      6.42    1.5   -13.36]
 [ 157.68    0.      8.      5.01    1.8   -49.93]
 [ 148.97    0.      8.      4.97    1.8   -47.11]
 [ 139.5     0.      8.      5.21    1.8   -30.88]
 [ 129.79    0.      8.      4.27    2.    -26.47]
 [ 120.62    0.      8.      5.16    1.8   -25.57]
 [ 111.46    0.      8.      6.05    1.5   -22.79]
 [   5.1     1.      8.      4.43    2.   -144.43]
 [  14.13    1.      8.      4.78    1.8    -0.79]
 [  21.91    1.      8.      4.14    2.     -1.16]
 [  30.85    1.      8.      5.48    1.5    -0.58]
 [  41.43    1.      8.      4.85    1.8     0.34]
 [  51.38    1.      8.      4.47    2.     -0.11]
 [  59.65    1.      8.      5.05    1.8    -1.23]
 [  70.2     1.      8.      5.74    1.5     0.1 ]
 [  80.54    1.      8.      5.6     1.5     0.2 ]
 [  91.24    1.      8.      4.46    2.      0.36]]
