[[194.2    0.     7.     4.73   1.8    0.  ]
 [186.97   0.     7.     4.52   1.8   -7.11]
 [178.55   0.     7.     5.17   1.6   -3.07]
 [168.18   0.     7.     4.19   1.8   -0.91]
 [157.99   0.     7.     5.82   1.3   -0.34]
 [148.17   0.     7.     4.86   1.6   -2.86]
 [139.81   0.     7.     5.09   1.6   -4.11]
 [129.42   0.     7.     4.32   1.8   -0.84]
 [121.2    0.     7.     6.06   1.3   -1.77]
 [109.24   0.     7.     4.05   1.8   -0.5 ]
 [102.29   0.     7.     4.02   1.8   -5.04]
 [ 94.07   0.     7.     5.3    1.6   -2.48]
 [ 82.97   0.     7.     4.24   1.8   -0.55]
 [ 74.23   0.     7.     5.47   1.3   -1.15]
 [ 64.86   0.     7.     4.76   1.6   -3.07]
 [ 56.7    0.     7.     4.68   1.8   -3.41]
 [ 47.62   0.     7.     4.76   1.6   -2.15]
 [ 39.36   0.     7.     5.61   1.3   -2.37]
 [ 28.35   0.     7.     5.16   1.6   -1.01]
 [  5.6    1.     7.     5.78   1.3    0.  ]
 [ 15.28   1.     7.     5.51   1.3   -1.77]
 [ 25.39   1.     7.     6.24   1.3   -1.07]
 [ 36.73   1.     7.     4.16   1.8   -0.99]
 [ 44.39   1.     7.     4.84   1.6   -4.11]
 [ 52.23   1.     7.     4.56   1.8   -4.65]
 [ 61.59   1.     7.     5.18   1.6   -1.61]
 [ 71.97   1.     7.     4.79   1.6   -1.19]
 [ 82.66   1.     7.     4.68   1.8   -0.5 ]
 [ 92.34   1.     7.     4.66   1.8   -1.06]
 [100.8    1.     7.     5.08   1.6   -3.3 ]
 [109.08   1.     7.     4.71   1.8   -3.97]
 [116.79   1.     7.     4.4    1.8   -4.65]
 [124.19   1.     7.     5.57   1.3   -3.49]
 [133.96   1.     7.     4.14   1.8   -1.91]
 [140.9    1.     7.     5.68   1.3   -4.11]
 [150.48   1.     7.     5.5    1.3   -1.77]
 [161.68   1.     7.     5.82   1.3   -0.45]
 [170.3    1.     7.     4.06   1.8   -5.48]]
