[[195.4    0.     7.     4.3    1.8    0.  ]
 [187.2    0.     7.     5.2    1.6   -3.07]
 [178.1    0.     7.     4.97   1.6   -3.07]
 [169.53   0.     7.     4.31   1.8   -2.94]
 [159.82   0.     7.     4.06   1.8   -0.78]
 [152.96   0.     7.     4.78   1.6   -7.12]
 [144.58   0.     7.     5.11   1.6   -3.82]
 [136.57   0.     7.     5.32   1.6   -6.55]
 [126.25   0.     7.     5.57   1.3   -0.8 ]
 [  5.     1.     7.     4.65   1.8    0.  ]
 [ 15.15   1.     7.     4.44   1.8   -0.71]
 [ 25.09   1.     7.     5.04   1.6   -0.93]
 [ 35.93   1.     7.     4.14   1.8   -0.55]
 [ 44.17   1.     7.     5.28   1.6   -2.66]
 [ 54.35   1.     7.     4.99   1.6   -1.49]
 [ 62.24   1.     7.     5.18   1.6   -6.55]
 [ 72.32   1.     7.     4.1    1.8   -1.15]]
