[[195.6    0.     8.     5.29   1.8    0.  ]
 [186.11   0.     8.     4.92   1.8  -35.89]
 [176.79   0.     8.     6.26   1.5  -18.53]
 [166.23   0.     8.     5.27   1.8  -34.1 ]
 [157.46   0.     8.     4.37   2.   -45.43]
 [149.69   0.     8.     4.46   2.   -48.3 ]
 [141.03   0.     8.     4.14   2.   -30.76]
 [133.59   0.     8.     4.76   1.8  -60.  ]
 [124.03   0.     8.     4.39   2.   -22.95]
 [116.54   0.     8.     5.55   1.5  -39.08]
 [106.59   0.     8.     4.18   2.   -27.8 ]
 [  3.5    1.     8.     4.73   2.     0.  ]
 [ 13.13   1.     8.     4.86   1.8   -0.33]
 [ 22.89   1.     8.     6.26   1.5   -0.12]
 [ 32.55   1.     8.     5.15   1.8    0.29]
 [ 41.2    1.     8.     4.3    2.    -0.52]
 [ 49.9    1.     8.     5.22   1.8   -1.06]
 [ 58.52   1.     8.     4.97   1.8   -0.58]
 [ 67.89   1.     8.     5.91   1.5   -0.19]
 [ 77.     1.     8.     6.43   1.5   -0.02]
 [ 88.03   1.     8.     4.82   1.8    0.75]]
