[[196.5    0.     7.     5.92   1.3    0.  ]
 [187.68   0.     7.     4.36   1.8   -5.04]
 [180.02   0.     7.     4.89   1.6   -4.78]
 [172.23   0.     7.     4.02   1.8   -5.04]
 [164.21   0.     7.     5.27   1.6   -2.86]
 [155.24   0.     7.     4.22   1.8   -2.73]
 [147.22   0.     7.     5.26   1.6   -3.3 ]
 [137.26   0.     7.     4.17   1.8   -1.33]
 [130.59   0.     7.     6.12   1.3   -5.33]
 [120.47   0.     7.     5.29   1.6   -2.86]
 [110.38   0.     7.     5.67   1.3   -0.93]
 [ 99.71   0.     7.     5.45   1.3   -0.8 ]
 [ 89.66   0.     7.     6.     1.3   -1.07]
 [ 79.96   0.     7.     5.04   1.6   -3.55]
 [ 70.32   0.     7.     5.72   1.3   -1.07]
 [ 61.     0.     7.     4.68   1.8   -2.94]
 [ 52.42   0.     7.     5.12   1.6   -3.07]
 [ 43.7    0.     7.     5.64   1.3   -2.2 ]
 [ 32.46   0.     7.     5.18   1.6   -0.85]
 [  4.3    1.     7.     4.36   1.8    0.  ]
 [ 11.86   1.     7.     4.66   1.8   -3.97]
 [ 19.42   1.     7.     5.04   1.6   -6.55]
 [ 30.06   1.     7.     5.23   1.6   -0.85]
 [ 39.09   1.     7.     6.44   1.3   -1.9 ]
 [ 48.93   1.     7.     6.13   1.3   -2.56]
 [ 59.86   1.     7.     4.22   1.8   -1.24]
 [ 66.78   1.     7.     5.79   1.3   -4.47]
 [ 78.17   1.     7.     6.04   1.3   -0.49]
 [ 87.31   1.     7.     4.47   1.8   -4.29]
 [ 94.88   1.     7.     4.55   1.8   -4.29]
 [102.23   1.     7.     5.21   1.6   -7.12]
 [111.74   1.     7.     6.25   1.3   -1.33]
 [123.09   1.     7.     4.06   1.8   -0.99]
 [130.05   1.     7.     5.73   1.3   -3.78]
 [138.68   1.     7.     4.98   1.6   -6.55]
 [147.66   1.     7.     6.16   1.3   -1.65]
 [158.52   1.     7.     6.07   1.3   -1.  ]
 [169.49   1.     7.     5.1    1.6   -1.49]]
