[[195.1    0.     7.     4.92   1.6    0.  ]
 [186.18   0.     7.     5.95   1.3   -1.65]
 [174.63   0.     7.     4.65   1.8   -0.65]
 [165.58   0.     7.     4.85   1.6   -2.15]
 [156.03   0.     7.     4.53   1.8   -1.33]
 [146.4    0.     7.     5.58   1.3   -0.74]
 [137.92   0.     7.     4.3    1.8   -5.04]
 [129.52   0.     7.     4.53   1.8   -2.05]
 [120.69   0.     7.     5.78   1.3   -1.33]
 [109.11   0.     7.     4.96   1.6   -0.71]
 [101.55   0.     7.     4.89   1.6   -8.46]
 [ 93.76   0.     7.     4.88   1.6   -6.55]
 [ 84.18   0.     7.     5.9    1.3   -1.  ]
 [ 73.48   0.     7.     6.33   1.3   -0.93]
 [ 61.15   0.     7.     5.19   1.6   -0.58]
 [ 51.36   0.     7.     4.48   1.8   -1.43]
 [ 42.38   0.     7.     5.05   1.6   -2.  ]
 [ 33.23   0.     7.     5.94   1.3   -1.53]
 [  4.1    1.     7.     4.07   1.8    0.  ]
 [ 13.47   1.     7.     5.81   1.3   -0.63]
 [ 22.78   1.     7.     5.71   1.3   -2.37]
 [ 33.99   1.     7.     5.06   1.6   -0.93]
 [ 42.45   1.     7.     4.59   1.8   -3.41]
 [ 50.64   1.     7.     4.84   1.6   -3.82]
 [ 60.68   1.     7.     4.3    1.8   -0.91]
 [ 69.58   1.     7.     4.35   1.8   -1.43]
 [ 79.03   1.     7.     5.65   1.3   -0.74]
 [ 90.38   1.     7.     4.06   1.8   -0.6 ]
 [ 98.34   1.     7.     6.02   1.3   -1.77]
 [109.86   1.     7.     4.17   1.8   -0.71]
 [118.23   1.     7.     5.21   1.6   -2.48]
 [128.44   1.     7.     5.72   1.3   -0.8 ]
 [137.16   1.     7.     4.79   1.6   -6.04]
 [146.65   1.     7.     6.35   1.3   -1.  ]
 [156.     1.     7.     5.34   1.6   -6.04]
 [165.94   1.     7.     5.97   1.3   -1.07]]
